0.0000E+00  0.0000E+00  0.0000E+00  0.0000E+00  0.0000E+00  0.0000E+00
0.0000E+00  0.0000E+00  0.0000E+00  0.0000E+00  0.0000E+00  0.0000E+00
0.0000E+00  0.0000E+00  0.0000E+00  0.0000E+00  0.0000E+00  0.0000E+00
0.0000E+00  0.0000E+00  0.0000E+00  0.0000E+00  0.0000E+00  0.0000E+00
0.0000E+00  0.0000E+00  0.0000E+00  0.0000E+00  1.1034E+03  2.6262E+03
4.2941E+02  1.8011E+03  1.3941E+03  4.4821E+02  1.9809E+01  1.2150E+01
3.7444E+00  4.0220E+00  3.7661E+00  3.2848E+00  3.5981E+00  1.9364E+00
1.7163E+00  1.6292E+00  1.7280E+00  1.8395E+00  1.9665E+00  2.1123E+00
5.0026E+00  9.1713E+00  1.0046E+01  2.1294E+00  2.1733E+00  2.2191E+00
2.2668E+00  2.3166E+00  2.3687E+00  2.4232E+00  2.4802E+00  2.5400E+00
2.6027E+00  2.6686E+00  2.7379E+00  2.8109E+00  2.8879E+00  2.9693E+00
3.0554E+00  3.1466E+00  3.2434E+00  5.3931E+00  2.3193E+01  2.3979E+01
2.4821E+01  2.5723E+01  2.6694E+01  2.7741E+01  2.8874E+01  3.0103E+01
3.1441E+01  3.2904E+01  3.4510E+01  2.2456E+01  2.3193E+01  2.3979E+01
2.4821E+01  2.5723E+01  2.6694E+01  2.7741E+01  2.8874E+01  3.0103E+01
3.1441E+01  3.2904E+01  3.4510E+01  3.6281E+01  3.8243E+01  4.0429E+01
4.2881E+01  4.5649E+01  4.8800E+01  5.2418E+01  5.6615E+01  6.1544E+01
6.7414E+01  7.4523E+01  8.3310E+01  1.7908E+01  1.8373E+01  1.8863E+01
1.9380E+01  1.9926E+01  2.0503E+01  2.1115E+01  2.1765E+01  2.2456E+01
2.3193E+01  2.3979E+01  2.4821E+01  2.5723E+01  2.6694E+01  2.7741E+01
2.8874E+01  3.0103E+01  3.1441E+01  3.2904E+01  3.4510E+01  3.6281E+01
3.8243E+01  4.0429E+01  4.2881E+01  4.5649E+01  4.8800E+01  5.2418E+01
5.6615E+01  4.8800E+01  5.2418E+01  5.6615E+01  6.1544E+01  6.7414E+01
7.4523E+01  8.3310E+01  9.4449E+01  1.0903E+02  1.2896E+02  3.6281E+01
3.8243E+01  4.0429E+01  4.2881E+01  4.5649E+01  4.8800E+01  5.2418E+01
5.6615E+01  6.1544E+01  6.7414E+01  7.4523E+01  8.3310E+01  9.4449E+01
1.0903E+02  1.2896E+02  1.5783E+02  2.0348E+02  2.8679E+02  0.0000E+00
1.000
1.2490E+04
